0.000000000000000000e+00 0.000000000000000000e+00 6.358672380447387695e-01
5.833145976066589355e-02 -9.626718610525131226e-02 6.760715842247009277e-01
3.349158167839050293e-01 -2.629563808441162109e-01 5.946344733238220215e-01
4.190459251403808594e-01 -5.479400157928466797e-01 3.046223819255828857e-01
-5.954956263303756714e-02 1.044323295354843140e-01 6.067368388175964355e-01
1.002705395221710205e-01 3.802050948143005371e-01 3.564278483390808105e-01
1.647177338600158691e-02 2.448524832725524902e-01 0.000000000000000000e+00
9.416805580258369446e-03 8.036920428276062012e-02 8.466554284095764160e-01
2.227500081062316895e-03 1.558769047260284424e-01 1.091849207878112793e+00
1.306673139333724976e-02 2.155412435531616211e-01 1.152669787406921387e+00
-2.794677019119262695e-02 1.303108334541320801e-01 1.166814684867858887e+00
-6.093525886535644531e-02 2.528016865253448486e-01 1.041970491409301758e+00
-4.396319389343261719e-03 2.748199403285980225e-01 7.689031362533569336e-01
1.504071652889251709e-01 3.327911496162414551e-01 6.146908998489379883e-01
9.058868885040283203e-02 4.595431685447692871e-02 1.075585126876831055e+00
2.423373460769653320e-01 -9.959134459495544434e-02 9.017597436904907227e-01
4.087678492069244385e-01 3.602945804595947266e-02 7.934364080429077148e-01
0.000000000000000000e+00 0.000000000000000000e+00 6.358672380447387695e-01
6.351917982101440430e-02 -9.107548743486404419e-02 6.809182763099670410e-01
3.237765431404113770e-01 -2.592315971851348877e-01 6.135456562042236328e-01
3.701049685478210449e-01 -5.399063825607299805e-01 3.231440186500549316e-01
-6.460528075695037842e-02 9.976433217525482178e-02 6.022967100143432617e-01
9.093441814184188843e-02 3.901955783367156982e-01 3.569399714469909668e-01
2.804556116461753845e-02 3.111556470394134521e-01 3.339231014251708984e-02
1.556234434247016907e-02 9.629654884338378906e-02 8.386044502258300781e-01
1.855868846178054810e-02 1.851863861083984375e-01 1.079360842704772949e+00
4.152327775955200195e-02 2.470594048500061035e-01 1.138985633850097656e+00
3.275588154792785645e-03 1.645953059196472168e-01 1.162614822387695312e+00
-6.536442041397094727e-02 2.762744128704071045e-01 1.024088144302368164e+00
-2.476489543914794922e-02 3.030287325382232666e-01 7.811247110366821289e-01
1.557284295558929443e-01 3.890610933303833008e-01 6.515091657638549805e-01
1.121985763311386108e-01 7.811793684959411621e-02 1.062690615653991699e+00
2.379880100488662720e-01 -8.250172436237335205e-02 9.050381779670715332e-01
3.995570540428161621e-01 2.423572540283203125e-02 7.864502072334289551e-01
0.000000000000000000e+00 0.000000000000000000e+00 6.358672380447387695e-01
6.339265406131744385e-02 -8.983827382326126099e-02 6.888180971145629883e-01
3.182210922241210938e-01 -2.357076108455657959e-01 6.222451925277709961e-01
3.178575634956359863e-01 -4.814863204956054688e-01 3.219224810600280762e-01
-6.548815965652465820e-02 9.382112324237823486e-02 5.941321253776550293e-01
1.056915596127510071e-01 4.078353643417358398e-01 3.686742782592773438e-01
3.128412365913391113e-02 3.185193240642547607e-01 6.622380018234252930e-02
2.104320377111434937e-02 1.151289343833923340e-01 8.289906978607177734e-01
3.774029016494750977e-02 2.285881042480468750e-01 1.059737443923950195e+00
7.124152779579162598e-02 2.708912193775177002e-01 1.105947971343994141e+00
4.240085929632186890e-02 2.088472843170166016e-01 1.122123241424560547e+00
-6.679379940032958984e-02 3.013231158256530762e-01 9.967159628868103027e-01
-9.769712388515472412e-02 2.739371657371520996e-01 7.989549636840820312e-01
9.570363909006118774e-02 3.730273246765136719e-01 6.687128543853759766e-01
1.354796588420867920e-01 1.267056465148925781e-01 1.046026825904846191e+00
2.317956387996673584e-01 -6.505396962165832520e-02 9.011030793190002441e-01
3.818653821945190430e-01 1.575094461441040039e-02 7.678944468498229980e-01
0.000000000000000000e+00 0.000000000000000000e+00 6.358672380447387695e-01
6.055089831352233887e-02 -8.805938065052032471e-02 6.912187337875366211e-01
3.036674261093139648e-01 -2.102249711751937866e-01 6.044334769248962402e-01
2.773262858390808105e-01 -4.496820569038391113e-01 3.119877278804779053e-01
-6.356924772262573242e-02 9.081524610519409180e-02 5.917673707008361816e-01
1.146525889635086060e-01 4.162332117557525635e-01 3.883340358734130859e-01
5.426026135683059692e-02 4.197109937667846680e-01 1.111723780632019043e-01
9.687479585409164429e-03 1.142497658729553223e-01 8.305252790451049805e-01
2.136525511741638184e-02 2.310320138931274414e-01 1.057780265808105469e+00
6.429025530815124512e-02 2.746725976467132568e-01 1.103784561157226562e+00
4.156596958637237549e-02 2.147027850151062012e-01 1.116790771484375000e+00
-8.872166275978088379e-02 2.907820343971252441e-01 9.909094572067260742e-01
-2.002137899398803711e-01 1.702695786952972412e-01 7.928183078765869141e-01
-4.527536034584045410e-02 2.590852975845336914e-01 6.385015249252319336e-01
1.236117556691169739e-01 1.341252028942108154e-01 1.045220971107482910e+00
2.249009013175964355e-01 -6.618748605251312256e-02 8.964817523956298828e-01
3.797627091407775879e-01 2.174656093120574951e-02 7.508183121681213379e-01
0.000000000000000000e+00 0.000000000000000000e+00 6.358672380447387695e-01
7.160966098308563232e-02 -7.740928232669830322e-02 6.918640136718750000e-01
2.587616443634033203e-01 -2.644365429878234863e-01 5.423555970191955566e-01
2.527004182338714600e-01 -5.095114707946777344e-01 2.626706063747406006e-01
-7.515720278024673462e-02 8.126225322484970093e-02 5.931845307350158691e-01
1.115475073456764221e-01 4.059401154518127441e-01 3.840136528015136719e-01
5.105675011873245239e-02 4.103604555130004883e-01 9.726786613464355469e-02
8.250597864389419556e-03 1.271082907915115356e-01 8.226447105407714844e-01
1.932077109813690186e-02 2.545429468154907227e-01 1.044172048568725586e+00
5.699644982814788818e-02 2.960948944091796875e-01 1.103735089302062988e+00
2.599303424358367920e-02 2.266907989978790283e-01 1.130060195922851562e+00
-9.940025210380554199e-02 2.992500662803649902e-01 9.782021045684814453e-01
-2.156302034854888916e-01 1.961020082235336304e-01 7.624289989471435547e-01
-1.333428919315338135e-01 2.754312753677368164e-01 5.731469392776489258e-01
1.305318176746368408e-01 1.698271632194519043e-01 1.029299259185791016e+00
2.238067090511322021e-01 -2.557530999183654785e-02 8.806698322296142578e-01
3.631830513477325439e-01 2.002706378698348999e-02 7.100055217742919922e-01
0.000000000000000000e+00 0.000000000000000000e+00 6.358672380447387695e-01
7.974979281425476074e-02 -7.167877256870269775e-02 6.977658867835998535e-01
2.851362228393554688e-01 -1.629737615585327148e-01 5.229974389076232910e-01
2.855108380317687988e-01 -4.682798683643341064e-01 2.576072216033935547e-01
-8.248218894004821777e-02 7.065064460039138794e-02 5.904407501220703125e-01
1.253758668899536133e-01 4.181134700775146484e-01 4.299350976943969727e-01
4.858754202723503113e-02 3.833994269371032715e-01 1.431637406349182129e-01
1.919198036193847656e-02 1.411953568458557129e-01 8.140314221382141113e-01
2.623528242111206055e-02 2.928364872932434082e-01 1.013965010643005371e+00
5.474849790334701538e-02 3.390237689018249512e-01 1.081639766693115234e+00
2.176330983638763428e-02 2.742727398872375488e-01 1.131498932838439941e+00
-9.523305296897888184e-02 3.247689306735992432e-01 9.364457726478576660e-01
-2.305017709732055664e-01 2.016877382993698120e-01 7.373980879783630371e-01
-2.370153069496154785e-01 2.327189743518829346e-01 5.002406835556030273e-01
1.464295983314514160e-01 2.099890708923339844e-01 9.997595548629760742e-01
2.344363927841186523e-01 3.319932520389556885e-02 8.501837253570556641e-01
3.528997302055358887e-01 5.887062847614288330e-02 6.638088822364807129e-01
0.000000000000000000e+00 0.000000000000000000e+00 6.358672380447387695e-01
7.814501971006393433e-02 -7.126166671514511108e-02 7.054541707038879395e-01
3.247646391391754150e-01 -9.506706893444061279e-02 4.877351820468902588e-01
3.591259121894836426e-01 -4.235211312770843506e-01 2.475012838840484619e-01
-7.860375940799713135e-02 6.905814260244369507e-02 5.822701454162597656e-01
1.420151591300964355e-01 4.084214568138122559e-01 4.472790360450744629e-01
4.174151271581649780e-02 3.435001373291015625e-01 1.984914839267730713e-01
1.704673096537590027e-02 1.434723138809204102e-01 8.112623691558837891e-01
2.398407459259033203e-02 3.032802045345306396e-01 1.002665281295776367e+00
4.986356198787689209e-02 3.662349879741668701e-01 1.060914158821105957e+00
1.856258511543273926e-02 3.224781751632690430e-01 1.113696336746215820e+00
-9.695655107498168945e-02 3.286864161491394043e-01 9.198021292686462402e-01
-2.345467209815979004e-01 2.161486148834228516e-01 7.134574651718139648e-01
-2.867060899734497070e-01 2.067159414291381836e-01 4.667452573776245117e-01
1.408070623874664307e-01 2.289454638957977295e-01 9.999698400497436523e-01
2.642061710357666016e-01 1.578918695449829102e-01 8.484689593315124512e-01
3.742655515670776367e-01 2.252655029296875000e-01 6.666084527969360352e-01
0.000000000000000000e+00 0.000000000000000000e+00 6.358672380447387695e-01
7.545685768127441406e-02 -6.617332249879837036e-02 7.086157798767089844e-01
3.272086977958679199e-01 -1.336451470851898193e-01 4.829438626766204834e-01
3.888169527053833008e-01 -4.366908967494964600e-01 2.524436712265014648e-01
-7.420410215854644775e-02 6.651739776134490967e-02 5.758250951766967773e-01
1.589108258485794067e-01 3.986222743988037109e-01 4.468512535095214844e-01
5.967735871672630310e-02 3.937125802040100098e-01 2.459237277507781982e-01
8.535392582416534424e-03 1.499080955982208252e-01 8.051059246063232422e-01
9.004652500152587891e-03 3.155618906021118164e-01 9.915858507156372070e-01
2.659796178340911865e-02 3.837939798831939697e-01 1.042134046554565430e+00
1.953542232513427734e-04 3.659977912902832031e-01 1.081650018692016602e+00
-1.080204695463180542e-01 3.361722826957702637e-01 9.030210971832275391e-01
-2.448619604110717773e-01 2.291366457939147949e-01 6.894181966781616211e-01
-3.050744533538818359e-01 2.301173061132431030e-01 4.554007649421691895e-01
1.186751350760459900e-01 2.498013377189636230e-01 1.001172065734863281e+00
2.784998416900634766e-01 2.552108466625213623e-01 8.628290891647338867e-01
3.701741695404052734e-01 3.524908721446990967e-01 6.724348068237304688e-01
0.000000000000000000e+00 0.000000000000000000e+00 6.358672380447387695e-01
6.720381975173950195e-02 -6.216984242200851440e-02 7.157034873962402344e-01
3.140445947647094727e-01 -9.924595057964324951e-02 5.315876007080078125e-01
3.965120911598205566e-01 -3.907058238983154297e-01 2.911524772644042969e-01
-7.115027308464050293e-02 6.481832265853881836e-02 5.706143975257873535e-01
1.553749591112136841e-01 4.024659991264343262e-01 4.468044638633728027e-01
6.271219253540039062e-02 4.049658179283142090e-01 2.982487678527832031e-01
-1.508825272321701050e-02 1.532563269138336182e-01 8.022967576980590820e-01
-4.414032399654388428e-02 3.210764229297637939e-01 9.790799617767333984e-01
-3.049081563949584961e-02 3.947221338748931885e-01 1.025282621383666992e+00
-6.132328510284423828e-02 3.915268182754516602e-01 1.056185245513916016e+00
-1.573436856269836426e-01 3.386211991310119629e-01 8.780992627143859863e-01
-2.883574068546295166e-01 2.157131731510162354e-01 6.743344068527221680e-01
-3.532701730728149414e-01 2.482101023197174072e-01 4.498472213745117188e-01
7.629162073135375977e-02 2.699687480926513672e-01 1.005091428756713867e+00
2.598906755447387695e-01 3.556174039840698242e-01 8.780387639999389648e-01
2.976849675178527832e-01 5.135051012039184570e-01 7.003033757209777832e-01
0.000000000000000000e+00 0.000000000000000000e+00 6.358672380447387695e-01
6.263713538646697998e-02 -5.685967206954956055e-02 7.229586839675903320e-01
3.015158772468566895e-01 -8.814501762390136719e-02 5.772079229354858398e-01
3.977161645889282227e-01 -3.981114625930786133e-01 3.664482235908508301e-01
-6.890486180782318115e-02 5.852230638265609741e-02 5.631324052810668945e-01
1.567386686801910400e-01 4.027664959430694580e-01 4.481814801692962646e-01
3.586450591683387756e-02 3.376862108707427979e-01 3.768246173858642578e-01
-4.032554477453231812e-02 1.594240218400955200e-01 7.895929217338562012e-01
-9.245151281356811523e-02 3.393318355083465576e-01 9.499473571777343750e-01
-7.035484910011291504e-02 4.142603874206542969e-01 9.935559630393981934e-01
-1.000648140907287598e-01 4.193888306617736816e-01 1.026036620140075684e+00
-2.045602500438690186e-01 3.506923317909240723e-01 8.400357961654663086e-01
-3.117008805274963379e-01 2.384084165096282959e-01 6.360116004943847656e-01
-3.600153326988220215e-01 3.054735362529754639e-01 4.004777073860168457e-01
3.350177407264709473e-02 2.914799749851226807e-01 9.923784732818603516e-01
2.214089184999465942e-01 3.893934488296508789e-01 8.449735641479492188e-01
1.763042509555816650e-01 5.424350500106811523e-01 6.819149255752563477e-01
0.000000000000000000e+00 0.000000000000000000e+00 6.358672380447387695e-01
6.235768646001815796e-02 -5.229470878839492798e-02 7.293293476104736328e-01
2.965635657310485840e-01 -1.266683787107467651e-01 5.968180298805236816e-01
4.187573790550231934e-01 -4.590806066989898682e-01 4.210564196109771729e-01
-6.693262606859207153e-02 5.526536330580711365e-02 5.543999671936035156e-01
1.705057471990585327e-01 3.808608055114746094e-01 4.433799982070922852e-01
1.988939940929412842e-03 2.019283026456832886e-01 4.392884969711303711e-01
-5.370049923658370972e-02 1.694812327623367310e-01 7.717264890670776367e-01
-1.194743514060974121e-01 3.531050086021423340e-01 9.223300814628601074e-01
-9.309467673301696777e-02 4.301547408103942871e-01 9.664766192436218262e-01
-1.238842308521270752e-01 4.355621933937072754e-01 1.000357270240783691e+00
-2.303082644939422607e-01 3.642243742942810059e-01 7.995655536651611328e-01
-2.528494596481323242e-01 3.826001882553100586e-01 5.637702941894531250e-01
-1.516845822334289551e-01 5.358319878578186035e-01 3.783749938011169434e-01
4.313886165618896484e-03 3.111453652381896973e-01 9.715310335159301758e-01
1.668663024902343750e-01 4.010525941848754883e-01 7.802573442459106445e-01
3.029146790504455566e-02 4.968051314353942871e-01 6.369839906692504883e-01
0.000000000000000000e+00 0.000000000000000000e+00 6.358672380447387695e-01
5.630633234977722168e-02 -4.185321182012557983e-02 7.343146800994873047e-01
2.567993402481079102e-01 -2.384213507175445557e-01 5.811425447463989258e-01
4.269121289253234863e-01 -5.554763674736022949e-01 4.601603150367736816e-01
-5.665501952171325684e-02 4.441533237695693970e-02 5.473965406417846680e-01
2.024048268795013428e-01 3.487853407859802246e-01 4.486521482467651367e-01
2.975068613886833191e-02 1.155268549919128418e-01 5.057914257049560547e-01
-4.475879669189453125e-02 1.819051504135131836e-01 7.523229718208312988e-01
-1.023009419441223145e-01 3.750984668731689453e-01 8.949405550956726074e-01
-9.332281351089477539e-02 4.538419842720031738e-01 9.382418394088745117e-01
-1.235908269882202148e-01 4.628314375877380371e-01 9.759987592697143555e-01
-2.234391868114471436e-01 3.856278657913208008e-01 7.684973478317260742e-01
-1.801294982433319092e-01 4.569175541400909424e-01 5.120813250541687012e-01
4.558956623077392578e-02 5.243504643440246582e-01 3.832198083400726318e-01
1.095029711723327637e-02 3.482110202312469482e-01 9.282065629959106445e-01
1.332269012928009033e-01 4.195794761180877686e-01 7.066131830215454102e-01
-1.599659025669097900e-02 4.741006493568420410e-01 5.592501759529113770e-01
0.000000000000000000e+00 0.000000000000000000e+00 6.358672380447387695e-01
4.651482403278350830e-02 -3.297229856252670288e-02 7.390596270561218262e-01
2.789481282234191895e-01 -2.158479094505310059e-01 5.793191194534301758e-01
4.763408899307250977e-01 -5.614953637123107910e-01 4.921194612979888916e-01
-4.903176426887512207e-02 3.326949477195739746e-02 5.378477573394775391e-01
2.413908839225769043e-01 3.039308786392211914e-01 4.535688459873199463e-01
8.190578222274780273e-02 2.511768788099288940e-02 5.552759766578674316e-01
-4.355527460575103760e-02 1.909859627485275269e-01 7.264864444732666016e-01
-9.768158197402954102e-02 3.934381604194641113e-01 8.572112321853637695e-01
-1.026328802108764648e-01 4.625587165355682373e-01 9.035894274711608887e-01
-1.317498087882995605e-01 4.799909889698028564e-01 9.503566026687622070e-01
-2.269860506057739258e-01 3.932495713233947754e-01 7.411533594131469727e-01
-1.729437410831451416e-01 4.871279895305633545e-01 5.062916278839111328e-01
9.619665145874023438e-02 4.828930497169494629e-01 4.158836007118225098e-01
1.769023388624191284e-02 3.716490864753723145e-01 8.798416256904602051e-01
1.175179407000541687e-01 4.519683718681335449e-01 6.470700502395629883e-01
-2.506506443023681641e-02 5.188645124435424805e-01 5.083931684494018555e-01
0.000000000000000000e+00 0.000000000000000000e+00 6.358672380447387695e-01
3.649716079235076904e-02 -2.603301405906677246e-02 7.434112429618835449e-01
2.963379025459289551e-01 -1.793989688158035278e-01 5.840203166007995605e-01
4.959484934806823730e-01 -5.291839241981506348e-01 5.212287902832031250e-01
-4.184980690479278564e-02 2.463640272617340088e-02 5.296622514724731445e-01
2.635732293128967285e-01 2.577524483203887939e-01 4.604004025459289551e-01
8.811661601066589355e-02 -4.511457309126853943e-02 5.728836059570312500e-01
-4.394215345382690430e-02 1.955416798591613770e-01 7.015736699104309082e-01
-1.003589034080505371e-01 4.088604748249053955e-01 8.165403604507446289e-01
-1.172267794609069824e-01 4.688175916671752930e-01 8.717858791351318359e-01
-1.440258026123046875e-01 4.889134168624877930e-01 9.259848594665527344e-01
-2.341549396514892578e-01 3.881502449512481689e-01 7.097866535186767578e-01
-1.955446004867553711e-01 4.023104012012481689e-01 5.127204656600952148e-01
1.202834397554397583e-01 3.947781324386596680e-01 4.575179219245910645e-01
1.743352413177490234e-02 3.941870629787445068e-01 8.332180976867675781e-01
1.049227714538574219e-01 4.798686802387237549e-01 5.953945517539978027e-01
-4.294535517692565918e-02 5.560107231140136719e-01 4.681815803050994873e-01
0.000000000000000000e+00 0.000000000000000000e+00 6.358672380447387695e-01
3.178652748465538025e-02 -2.166994661092758179e-02 7.453027963638305664e-01
2.872669100761413574e-01 -1.724614799022674561e-01 5.802767276763916016e-01
4.795125126838684082e-01 -4.940942525863647461e-01 5.434703826904296875e-01
-4.184864461421966553e-02 1.565457880496978760e-02 5.300836563110351562e-01
2.645123302936553955e-01 2.295131534337997437e-01 4.592791199684143066e-01
8.635371923446655273e-02 -1.004060879349708557e-01 5.915940999984741211e-01
-4.705344140529632568e-02 2.008650153875350952e-01 6.753034591674804688e-01
-1.153088212013244629e-01 4.247295558452606201e-01 7.639697194099426270e-01
-1.402311623096466064e-01 4.741532802581787109e-01 8.285956382751464844e-01
-1.616842150688171387e-01 5.097705125808715820e-01 8.757047653198242188e-01
-2.345490753650665283e-01 3.895267546176910400e-01 6.609879732131958008e-01
-1.913934051990509033e-01 2.934801876544952393e-01 5.195686817169189453e-01
1.182753145694732666e-01 3.340588808059692383e-01 4.824996590614318848e-01
6.701454520225524902e-03 4.097094535827636719e-01 7.865839600563049316e-01
7.266040891408920288e-02 4.892948865890502930e-01 5.508590936660766602e-01
-1.023499071598052979e-01 5.556296110153198242e-01 4.411340355873107910e-01
