[((0, 1), (0, 1)),
((0, 2), (0, 2)),
((0, 3), (0, 3)),
((0, 4), (0, 4)),
((0, 5), (0, 5)),
((0, 6), (0, 6)),
((0, 7), (0, 7)),
((0, 8), (0, 8)),
((0, 9), (0, 9)),
((0, 10), (0, 10)),
((0, 11), (0, 11)),
((0, 12), (0, 12)),
((0, 13), (0, 13)),
((0, 14), (0, 14)),
((0, 15), (0, 15)),
((1, 2), (1, 2)),
((2, 3), (2, 3)),
((4, 5), (4, 5)),
((5, 6), (5, 6)),
((0, 7), (0, 7)),
((7, 8), (7, 8)),
((8, 9), (8, 9)),
((7, 10), (7, 10)),
((10, 11), (10, 11)),
((11, 12), (11, 12)),
((7, 13), (7, 13)),
((13, 14), (13, 14)),
((14, 15), (14, 15))]